12.04.2018, 23:52, Leg1, 301, lost, 40, 0, 13, 15, 18, 12, 5, 15, 0, 18, 1, 17, 12, 60, 39, 5, 6, 0, 15, 0, 0, 0, 0, 0;
12.04.2018, 23:52, Leg2, 301, lost, 20, 60, 5, 39, 20, 5, 18, 13, 0, 10, 15, 0, 17, 13, 13;
12.04.2018, 23:52, Leg3, 301, won, 20, 20, 5, 15, 5, 1, 17, 13, 9, 11, 13, 18, 26, 4, 5, 6, 18, 0, 18, 19, 14, 6, 20, 0, 18;
12.04.2018, 23:52, Leg4, 301, lost, 20, 20, 18, 5, 3, 1, 5, 9, 0, 19, 15, 0, 6, 1, 13;
29.12.2019, 23:53, Leg1, 301, lost, 14, 1, 5, 0, 13, 5, 9, 28, 10, 14, 9, 5, 14, 18, 3, 5, 12, 8, 9, 14, 18, 0, 40, 0;
29.12.2019, 23:53, Leg2, 301, lost, 5, 0, 15, 17, 13, 20, 0, 6, 9, 5, 12, 18, 9, 1, 0, 6, 1, 24;
29.12.2019, 23:53, Leg3, 301, lost, 12, 12, 20, 18, 3, 16, 25, 1, 14, 36, 12, 40, 39, 12, 0, 1, 17, 0, 20, 0, 0, 0, 0, 0;
29.12.2019, 23:53, Leg4, 301, lost, 9, 8, 4, 11, 2, 17, 0, 14, 3, 12, 16, 9, 14, 12, 9, 20, 18, 25, 12, 20, 5, 0, 0, 0;
29.12.2019, 23:53, Leg5, 301, won, 12, 15, 0, 10, 24, 20, 25, 60, 12, 20, 10, 12, 1, 20, 9, 25, 0, 0, 0, 13, 0, 0, 13;
29.12.2019, 23:53, Leg6, 301, lost, 20, 12, 5, 20, 20, 20, 0, 18, 0, 5, 36, 20, 20, 12, 9, 9, 18, 18;
29.12.2019, 23:53, Leg7, 301, lost, 0, 60, 14, 1, 13, 20, 20, 14, 19, 20, 5, 42, 1, 20, 17;
04.01.2020, 22:30, Leg1, 301, lost, 14, 5, 5, 15, 20, 5, 7, 1, 18, 9, 15, 18, 0, 0, 4, 14, 25, 6, 14, 12, 15, 6, 0, 15;
04.01.2020, 22:30, Leg2, 301, lost, 12, 12, 1, 2, 12, 1, 15, 4, 12, 5, 30, 5, 13, 13, 20, 20, 5, 1, 15, 0, 20, 30, 6, 0;
04.01.2020, 22:59, Leg1, 301, lost, 8, 15, 17, 2, 20, 45, 1, 12, 0, 22, 18, 1, 13, 1, 11, 18, 25, 5, 2, 2, 36, 8, 0, 9, 0, 0, 0;
04.01.2020, 22:59, Leg2, 301, lost, 20, 6, 20, 39, 0, 15, 5, 6, 20, 12, 5, 10, 18, 20, 6, 24, 5, 18, 18, 2, 0, 25, 0, 0, 0, 0, 0;
03.01.2021, 18:08, Leg1, 301, won, 0, 20, 8, 9, 14, 36, 15, 45, 20, 12, 18, 12, 27, 5, 20, 0, 0, 0, 12, 18, 2, 0, 0, 0, 0, 8;
03.01.2021, 18:08, Leg2, 301, lost, 12, 0, 20, 6, 20, 12, 6, 0, 16, 5, 4, 1, 19, 12, 20;
03.01.2021, 18:08, Leg3, 301, lost, 18, 1, 13, 20, 0, 1, 4, 5, 27, 0, 18, 9, 6, 1, 25, 10, 2, 12, 0, 36, 20, 10, 5, 1, 17, 4, 1, 15, 0, 0;
03.01.2021, 18:08, Leg4, 301, lost, 17, 4, 4, 0, 1, 5, 1, 20, 15, 20, 0, 5, 9, 14, 0, 18, 18, 20, 10, 15, 5, 4, 1, 1;
03.01.2021, 18:08, Leg5, 301, lost, 5, 0, 5, 9, 9, 13, 18, 12, 13, 1, 20, 1, 12, 9, 0, 5, 6, 20, 14, 9, 0, 11, 9, 0;
03.01.2021, 18:08, Leg6, 301, lost, 19, 19, 7, 19, 33, 2, 19, 3, 7, 0, 0, 17, 19, 0, 14, 19, 3, 42;
03.01.2021, 18:08, Leg7, 301, won, 16, 17, 38, 20, 9, 17, 0, 9, 42, 3, 7, 19, 19, 19, 16, 1, 19, 0, 0, 0, 0, 0, 0, 0, 5, 0, 7, 0, 18;
03.01.2021, 18:08, Leg8, 301, lost, 19, 11, 16, 21, 19, 0, 16, 17, 19, 2, 2, 11, 0, 19, 8, 19, 16, 3, 0, 7, 16, 5, 2, 13;
03.01.2021, 18:08, Leg9, 301, lost, 0, 19, 11, 19, 3, 9, 8, 19, 19, 17, 7, 7, 3, 19, 16, 3, 7, 32, 19, 6, 6, 0, 0, 0, 9, 6, 0;
04.01.2021, 22:40, Leg1, 301, won, 1, 12, 2, 6, 16, 14, 8, 20, 3, 21, 7, 7, 0, 9, 19, 2, 14, 16, 9, 12, 13, 40, 18, 0, 0, 12, 0, 5, 0, 15;
04.01.2021, 22:40, Leg2, 301, won, 0, 1, 14, 3, 19, 17, 12, 33, 7, 16, 7, 17, 8, 7, 7, 19, 0, 3, 11, 11, 17, 17, 0, 14, 1, 0, 12, 0, 0, 0, 10, 0, 18;
04.01.2021, 22:40, Leg3, 301, lost, 16, 19, 21, 6, 45, 21, 19, 0, 17, 10, 19, 8, 16, 4, 9, 19, 5, 2, 0, 0, 0, 0, 1, 0, 14, 1, 14, 0, 0, 0;
04.01.2021, 22:40, Leg4, 301, lost, 3, 16, 0, 17, 19, 8, 0, 0, 3, 36, 9, 0, 6, 17, 12, 25, 11, 8;
04.01.2021, 22:40, Leg5, 301, lost, 8, 3, 16, 9, 16, 14, 3, 7, 0, 6, 20, 6, 2, 5, 14, 11, 0, 42, 21, 17, 16, 0, 10, 12, 2, 1, 0, 18, 0, 8, 0, 0, 0;
04.01.2021, 22:40, Leg6, 301, lost, 21, 7, 3, 17, 16, 9, 11, 2, 7, 5, 5, 20, 5, 18, 20, 5, 13, 0, 0, 1, 1, 20, 5, 4, 20, 20, 12;
04.01.2021, 22:40, Leg7, 301, won, 1, 60, 2, 9, 15, 5, 1, 20, 13, 40, 40, 20, 18, 20, 17, 20;
04.01.2021, 22:40, Leg8, 301, lost, 1, 20, 0, 60, 0, 0, 1, 1, 5, 1, 1, 5, 20, 15, 0, 18, 1, 18;
04.01.2021, 22:40, Leg9, 301, won, 0, 0, 0, 0, 0, 3, 18, 40, 0, 5, 5, 40, 1, 1, 20, 54, 1, 5, 0, 20, 54, 0, 0, 0, 20, 0, 0, 14;
07.01.2021, 18:08, Leg1, 301, lost, 2, 14, 7, 8, 2, 24, 6, 1, 12, 7, 0, 14, 20, 16, 7, 8, 15, 19, 0, 3, 3, 9, 21, 17;
07.01.2021, 18:08, Leg2, 301, lost, 3, 17, 19, 34, 33, 12, 7, 20, 0, 11, 3, 16, 51, 33, 12, 15, 10, 0, 0, 0, 0, 0, 0, 0;
07.01.2021, 18:08, Leg3, 301, lost, 0, 0, 3, 17, 7, 3, 3, 16, 7, 14, 0, 18, 8, 19, 9, 0, 3, 11, 14, 8, 16, 11, 0, 6, 48, 0, 16, 5, 8, 10;
07.01.2021, 18:08, Leg4, 301, lost, 16, 7, 19, 16, 3, 48, 0, 14, 19, 17, 16, 3, 7, 19, 0, 8, 17, 8, 19, 8, 19, 13, 1, 1, 0, 0, 0, 0, 0, 0, 0, 0, 0;
07.01.2021, 18:08, Leg5, 301, lost, 3, 16, 7, 57, 3, 0, 7, 7, 7, 19, 15, 50, 7, 16, 8, 3, 12, 38, 0, 0, 0, 0, 0, 0, 0, 0, 0, 0, 0, 0;
10.01.2021, 17:25, Leg1, 301, lost, 8, 11, 16, 11, 7, 15, 16, 17, 7, 12, 12, 9, 57, 13, 8, 16, 21, 14, 0, 0, 0;
10.01.2021, 17:25, Leg2, 301, lost, 6, 19, 11, 17, 11, 8, 7, 16, 16, 0, 4, 19, 3, 12, 11, 21, 25, 8;
10.01.2021, 17:25, Leg3, 301, won, 3, 0, 8, 38, 15, 19, 8, 8, 15, 51, 14, 9, 8, 16, 19, 5, 20, 12, 4, 12, 0, 0, 0, 0, 0, 0, 0, 6, 0, 0, 0, 0, 0, 11;
10.01.2021, 17:25, Leg4, 301, won, 16, 5, 19, 19, 8, 3, 16, 19, 19, 8, 20, 14, 0, 7, 3, 16, 0, 17, 7, 2, 50, 8, 20, 5;
10.01.2021, 17:25, Leg5, 301, won, 17, 19, 17, 11, 19, 19, 3, 25, 8, 3, 57, 17, 0, 9, 14, 5, 1, 40, 0, 7, 0, 0, 0, 0, 0, 0, 0, 10;
14.01.2021, 20:28, Leg1, 301, lost, 50, 12, 19, 1, 7, 20, 19, 6, 6, 14, 14, 3, 16, 8, 8, 0, 2, 2, 9, 0, 5, 12, 0, 60, 0, 0, 0, 0, 0, 0;
14.01.2021, 20:28, Leg2, 301, lost, 3, 11, 17, 17, 16, 14, 4, 8, 14, 11, 11, 19, 11, 12, 17, 3, 12, 14;
14.01.2021, 20:28, Leg3, 301, lost, 3, 7, 7, 11, 21, 57, 16, 0, 12, 16, 33, 9, 19, 0, 1, 0, 16, 10, 16, 25, 0, 0, 0, 0;
14.01.2021, 20:28, Leg4, 301, won, 32, 16, 17, 3, 3, 9, 16, 0, 2, 19, 21, 17, 3, 7, 7, 57, 0, 11, 1, 5, 0, 15, 1, 19, 0, 0, 0, 20;
14.01.2021, 20:28, Leg5, 301, lost, 17, 8, 16, 3, 0, 11, 19, 9, 0, 15, 6, 2, 2, 2, 18, 17, 0, 19;
06.01.2024, 14:36, Leg1, 301, lost, 15, 0, 18, 28, 18, 25, 0, 36, 0, 4, 1, 7, 20, 5, 0, 12, 4, 15, 16, 10, 5;
06.01.2024, 14:36, Leg2, 301, won, 5, 5, 0, 18, 5, 0, 54, 4, 5, 5, 13, 0, 11, 1, 1, 15, 10, 27, 20, 0, 9, 20, 5, 1, 2, 11, 51, 0, 0, 0, 0, 0, 0, 0, 0, 0, 3;
06.01.2024, 14:36, Leg3, 301, lost, 5, 8, 5, 3, 16, 4, 0, 39, 7, 12, 39, 1, 12, 54, 8, 2, 0, 19, 1, 1, 45, 0, 0, 15;
21.12.2025, 17:11, Leg1, 301, won, 4, 30, 6, 5, 12, 20, 17, 8, 6, 2, 12, 50, 20, 1, 0, 11, 5, 20, 12, 18, 5, 6, 0, 28, 0, 0, 0, 0, 0, 0, 0, 0, 0, 0, 0, 0, 0, 0, 0, 0, 0, 0, 0, 0, 0, 3;
21.12.2025, 17:11, Leg2, 301, lost, 12, 20, 20, 16, 10, 18, 13, 4, 5, 20, 0, 0, 12, 20, 20, 6, 9, 3, 4, 5, 5, 3, 9, 10;
21.12.2025, 17:11, Leg3, 301, lost, 20, 5, 5, 25, 1, 18, 18, 54, 1, 25, 0, 0, 11, 7, 15, 20, 60, 14, 0, 0, 0, 0, 0, 0, 0, 0, 0, 0, 0, 0;
