12.04.2018, 23:52, Leg1, 301, won, 20, 20, 5, 1, 5, 36, 60, 20, 6, 1, 1, 60, 20, 20, 6, 1, 3, 0, 0, 0, 0, 16;
12.04.2018, 23:52, Leg2, 301, won, 60, 1, 16, 20, 5, 5, 60, 6, 5, 20, 18, 1, 54, 20, 1, 9;
12.04.2018, 23:52, Leg3, 301, lost, 5, 12, 20, 15, 20, 1, 5, 0, 3, 1, 5, 20, 60, 12, 20, 20, 5, 12, 20, 1, 4, 1, 2, 5;
12.04.2018, 23:52, Leg4, 301, won, 20, 20, 19, 5, 5, 20, 20, 5, 60, 20, 20, 5, 20, 1, 0, 5, 18, 38;
12.06.2018, 17:03, Leg1, 301, won, 1, 20, 20, 20, 1, 12, 20, 19, 0, 20, 20, 1, 1, 20, 3, 3, 20, 19, 1, 20, 20, 20, 1, 19;
12.06.2018, 17:03, Leg2, 301, won, 20, 5, 3, 20, 20, 5, 20, 20, 1, 20, 1, 5, 20, 20, 19, 5, 1, 20, 40, 4, 16, 0, 0, 0, 16;
12.06.2018, 20:14, Leg1, 301, won, 20, 60, 19, 18, 20, 20, 20, 1, 20, 5, 20, 21, 7, 1, 0, 20, 9, 0, 1, 19;
12.06.2018, 20:14, Leg2, 301, won, 12, 60, 3, 20, 20, 20, 20, 36, 5, 20, 18, 5, 20, 2, 20, 0, 5, 15;
12.06.2018, 20:14, Leg3, 301, won, 5, 5, 20, 20, 5, 7, 20, 12, 19, 18, 60, 3, 20, 3, 20, 20, 1, 19, 0, 0, 0, 4, 20;
13.06.2018, 15:58, Leg1, 301, won, 20, 1, 16, 1, 20, 7, 20, 5, 7, 10, 1, 18, 60, 20, 1, 12, 5, 9, 18, 2, 5, 19, 9, 15;
20.11.2018, 13:09, Leg1, 301, won, 54, 5, 1, 20, 3, 20, 20, 20, 20, 5, 20, 19, 20, 1, 20, 13, 1, 21, 1, 17;
